23747789;0
6614123;1
11138537;1
14054988;1
11794315;1
1872065;1
4894617;1
50100815;1
9610765;1
2221057;1
18447069;1
20176;1
1855789;1
1301673;1
10308508;1
912543;1
41834059;1
751762;1
41638871;1
2732448;1
13075460;1
82426718;1
1011210;1
42197703;1
2430837;1
62089829;1
87069642;1
216491;1
157005;1
3001083;1
1485898;1
45173648;1
39122291;1
1712869;1
1828644;1
11438884;1
394439;1
14942613;1
55675331;1
27231889;1
1973288;1
1570699;1
9223868;1
35099831;1
28398124;1
33998921;1
321801;1
136687;1
19195137;1
42531356;1
4539239;1
9059702;1
18191326;1
53373772;1
68893103;1
20525851;1
704260;1
34955429;1
41657787;1
32963856;1
925991;1
31767480;1
1751886;1
2779879;1
318055;1
44764;1
603594;1
53434795;1
1007486;1
84162567;1
42330;1
75244416;1
547357;1
55310776;1
1122675;1
24206152;1
2711840;1
19902084;1
1157753;1
9144949;1
1067181;1
24071253;1
5576672;1
1035517;1
3889888;1
1403966;1
66183291;1
27857972;1
3948090;1
1103188;1
